pid	graph_type	AB	AC	BC
0	line	none	forward	backward
0	skip	forward	backward	backward
0	common_effect	forward	none	backward
0	common_cause	none	backward	backward
0	separate	none	none	none
0	pair	none	backward	none
1	common_cause	none	backward	backward
1	common_effect	none	forward	forward
1	skip	forward	forward	backward
1	pair	none	backward	none
1	line	none	forward	backward
1	separate	none	none	none
2	pair	none	forward	none
2	line	forward	backward	none
2	common_cause	backward	none	forward
2	skip	backward	backward	forward
2	separate	none	none	none
2	common_effect	forward	none	backward
3	common_cause	none	backward	backward
3	common_effect	backward	backward	none
3	pair	none	forward	none
3	skip	backward	backward	forward
3	separate	none	none	none
3	line	backward	forward	none
4	separate	none	none	none
4	line	none	backward	forward
4	common_effect	forward	none	backward
4	common_cause	forward	forward	none
4	skip	backward	forward	forward
4	pair	backward	none	none
5	common_cause	none	backward	backward
5	common_effect	forward	none	backward
5	line	none	backward	forward
5	pair	none	backward	none
5	separate	none	none	none
5	skip	forward	forward	forward
6	common_effect	backward	backward	none
6	line	none	forward	backward
6	skip	backward	forward	forward
6	common_cause	backward	none	forward
6	separate	none	none	none
6	pair	none	none	forward
7	line	backward	forward	none
7	common_cause	forward	forward	none
7	common_effect	forward	none	backward
7	separate	none	none	none
7	pair	forward	none	none
7	skip	backward	backward	forward
8	separate	none	none	none
8	common_effect	forward	none	backward
8	skip	forward	backward	backward
8	pair	forward	none	none
8	common_cause	forward	forward	none
8	line	none	forward	backward
9	separate	none	none	none
9	skip	backward	backward	backward
9	common_cause	backward	none	forward
9	pair	none	none	forward
9	line	none	backward	forward
9	common_effect	forward	none	backward
10	skip	backward	backward	backward
10	common_effect	forward	none	backward
10	separate	none	none	none
10	pair	none	forward	none
10	common_cause	backward	none	forward
10	line	forward	none	forward
11	pair	none	forward	none
11	skip	forward	forward	forward
11	separate	none	none	none
11	common_effect	backward	backward	none
11	common_cause	forward	forward	none
11	line	backward	forward	none
12	pair	none	none	backward
12	skip	backward	backward	forward
12	separate	none	none	none
12	line	none	backward	forward
12	common_cause	forward	forward	none
12	common_effect	backward	backward	none
13	separate	none	none	none
13	pair	backward	none	none
13	skip	backward	forward	forward
13	common_cause	forward	forward	none
13	line	forward	backward	none
13	common_effect	forward	none	backward
14	common_effect	backward	backward	none
14	common_cause	none	backward	backward
14	line	forward	backward	none
14	pair	backward	none	none
14	skip	forward	forward	backward
14	separate	none	none	none
15	pair	backward	none	none
15	common_effect	backward	backward	none
15	separate	none	none	none
15	skip	forward	backward	backward
15	line	backward	forward	none
15	common_cause	forward	forward	none
16	pair	none	none	forward
16	line	forward	backward	none
16	common_effect	backward	backward	none
16	skip	backward	backward	backward
16	common_cause	forward	forward	none
16	separate	none	none	none
17	line	none	forward	backward
17	common_effect	forward	none	backward
17	separate	none	none	none
17	common_cause	backward	none	forward
17	pair	forward	none	none
17	skip	backward	backward	backward
18	common_effect	forward	none	backward
18	line	backward	forward	none
18	common_cause	forward	forward	none
18	separate	none	none	none
18	skip	forward	forward	backward
18	pair	backward	none	none
19	separate	none	none	none
19	common_cause	none	backward	backward
19	line	none	forward	backward
19	common_effect	backward	backward	none
19	skip	forward	forward	forward
19	pair	none	none	backward
20	skip	forward	backward	backward
20	common_effect	backward	backward	none
20	line	forward	backward	none
20	separate	none	none	none
20	pair	backward	none	none
20	common_cause	forward	forward	none
21	separate	none	none	none
21	line	forward	none	forward
21	common_cause	backward	none	forward
21	common_effect	backward	backward	none
21	pair	none	forward	none
21	skip	forward	forward	forward
22	separate	none	none	none
22	skip	forward	forward	backward
22	pair	none	forward	none
22	line	none	forward	backward
22	common_cause	forward	forward	none
22	common_effect	backward	backward	none
23	line	none	backward	forward
23	common_cause	none	backward	backward
23	separate	none	none	none
23	skip	backward	backward	backward
23	pair	none	backward	none
23	common_effect	backward	backward	none
24	common_effect	forward	none	backward
24	skip	backward	backward	forward
24	line	forward	backward	none
24	separate	none	none	none
24	common_cause	backward	none	forward
24	pair	forward	none	none
25	common_cause	backward	none	forward
25	common_effect	backward	backward	none
25	line	none	forward	backward
25	separate	none	none	none
25	pair	none	forward	none
25	skip	backward	forward	forward
26	separate	none	none	none
26	common_cause	backward	none	forward
26	line	none	forward	backward
26	skip	forward	backward	backward
26	common_effect	none	forward	forward
26	pair	backward	none	none
27	line	forward	backward	none
27	pair	none	backward	none
27	common_cause	backward	none	forward
27	separate	none	none	none
27	skip	forward	forward	backward
27	common_effect	forward	none	backward
28	line	backward	forward	none
28	common_cause	forward	forward	none
28	skip	forward	backward	backward
28	separate	none	none	none
28	common_effect	backward	backward	none
28	pair	backward	none	none
29	separate	none	none	none
29	common_cause	none	backward	backward
29	skip	backward	forward	forward
29	pair	none	none	forward
29	common_effect	backward	backward	none
29	line	backward	none	backward
30	separate	none	none	none
30	common_effect	backward	backward	none
30	common_cause	backward	none	forward
30	skip	forward	forward	backward
30	line	backward	forward	none
30	pair	none	forward	none
31	pair	none	none	backward
31	common_cause	none	backward	backward
31	common_effect	backward	backward	none
31	line	forward	backward	none
31	skip	backward	forward	forward
31	separate	none	none	none
32	line	forward	backward	none
32	common_cause	none	backward	backward
32	common_effect	backward	backward	none
32	skip	backward	forward	forward
32	separate	none	none	none
32	pair	none	backward	none
33	pair	none	forward	none
33	common_cause	backward	none	forward
33	separate	none	none	none
33	common_effect	backward	backward	none
33	line	none	backward	forward
33	skip	forward	backward	backward
34	line	none	forward	backward
34	skip	forward	forward	backward
34	common_cause	backward	none	forward
34	separate	none	none	none
34	common_effect	none	forward	forward
34	pair	backward	none	none
35	separate	none	none	none
35	skip	backward	backward	forward
35	pair	none	backward	none
35	line	backward	forward	none
35	common_effect	none	forward	forward
35	common_cause	none	backward	backward
36	common_effect	none	forward	forward
36	common_cause	backward	none	forward
36	line	backward	forward	none
36	pair	none	none	backward
36	separate	none	none	none
36	skip	backward	forward	forward
37	line	backward	forward	none
37	pair	none	forward	none
37	common_effect	backward	backward	none
37	common_cause	forward	forward	none
37	skip	backward	backward	forward
37	separate	none	none	none
38	separate	none	none	none
38	common_effect	backward	backward	none
38	common_cause	backward	none	forward
38	line	backward	forward	none
38	skip	forward	backward	backward
38	pair	forward	none	none
39	common_cause	none	backward	backward
39	separate	none	none	none
39	skip	backward	backward	forward
39	pair	none	none	forward
39	line	forward	none	forward
39	common_effect	none	forward	forward
40	line	forward	backward	none
40	skip	forward	forward	backward
40	pair	none	none	forward
40	common_effect	backward	backward	none
40	common_cause	forward	forward	none
40	separate	none	none	none
41	common_cause	backward	none	forward
41	line	forward	backward	none
41	skip	forward	backward	backward
41	separate	none	none	none
41	pair	backward	none	none
41	common_effect	backward	backward	none
42	separate	none	none	none
42	skip	backward	backward	forward
42	common_cause	backward	none	forward
42	pair	backward	none	none
42	common_effect	backward	backward	none
42	line	none	forward	backward
43	common_effect	backward	backward	none
43	pair	none	none	backward
43	line	backward	none	backward
43	common_cause	forward	forward	none
43	separate	none	none	none
43	skip	backward	backward	forward
44	common_cause	backward	none	forward
44	pair	none	forward	none
44	common_effect	forward	none	backward
44	separate	none	none	none
44	skip	forward	backward	backward
44	line	backward	none	backward
45	skip	forward	forward	backward
45	common_effect	backward	backward	none
45	common_cause	backward	none	forward
45	separate	none	none	none
45	pair	none	none	backward
45	line	none	backward	forward
46	separate	none	none	none
46	skip	forward	backward	backward
46	line	none	forward	backward
46	common_cause	backward	none	forward
46	common_effect	forward	none	backward
46	pair	none	none	backward
47	separate	none	none	none
47	skip	forward	backward	backward
47	common_effect	none	forward	forward
47	line	none	forward	backward
47	pair	none	backward	none
47	common_cause	none	backward	backward
48	line	none	forward	backward
48	separate	none	none	none
48	pair	none	backward	none
48	common_effect	backward	backward	none
48	common_cause	backward	none	forward
48	skip	forward	backward	backward
49	separate	none	none	none
49	pair	backward	none	none
49	skip	forward	forward	forward
49	line	none	backward	forward
49	common_effect	forward	none	backward
49	common_cause	forward	forward	none
50	skip	backward	backward	forward
50	common_effect	none	forward	forward
50	pair	backward	none	none
50	separate	none	none	none
50	common_cause	none	backward	backward
50	line	none	forward	backward
51	line	none	forward	backward
51	pair	none	backward	none
51	common_effect	none	forward	forward
51	common_cause	forward	forward	none
51	separate	none	none	none
51	skip	forward	forward	backward
52	skip	backward	backward	forward
52	common_effect	forward	none	backward
52	pair	forward	none	none
52	separate	none	none	none
52	common_cause	none	backward	backward
52	line	forward	none	forward
53	line	forward	backward	none
53	pair	forward	none	none
53	common_effect	backward	backward	none
53	separate	none	none	none
53	skip	forward	forward	forward
53	common_cause	backward	none	forward
54	common_cause	none	backward	backward
54	pair	forward	none	none
54	line	none	forward	backward
54	skip	backward	backward	backward
54	separate	none	none	none
54	common_effect	forward	none	backward
55	line	backward	forward	none
55	separate	none	none	none
55	skip	backward	backward	backward
55	common_effect	none	forward	forward
55	common_cause	backward	none	forward
55	pair	forward	none	none
56	common_cause	forward	forward	none
56	line	backward	none	backward
56	pair	backward	none	none
56	skip	backward	backward	forward
56	separate	none	none	none
56	common_effect	none	forward	forward
57	separate	none	none	none
57	line	forward	none	forward
57	skip	forward	forward	forward
57	common_cause	none	backward	backward
57	common_effect	forward	none	backward
57	pair	none	forward	none
58	separate	none	none	none
58	line	forward	none	forward
58	common_effect	backward	backward	none
58	pair	none	none	forward
58	common_cause	forward	forward	none
58	skip	forward	forward	forward
59	common_cause	none	backward	backward
59	common_effect	none	forward	forward
59	line	forward	backward	none
59	separate	none	none	none
59	pair	backward	none	none
59	skip	forward	backward	backward
60	pair	none	none	backward
60	line	none	backward	forward
60	common_cause	none	backward	backward
60	common_effect	backward	backward	none
60	separate	none	none	none
60	skip	forward	forward	forward
61	common_cause	backward	none	forward
61	separate	none	none	none
61	line	backward	forward	none
61	skip	forward	backward	backward
61	pair	none	forward	none
61	common_effect	forward	none	backward
62	pair	none	none	backward
62	line	backward	forward	none
62	separate	none	none	none
62	common_cause	none	backward	backward
62	common_effect	none	forward	forward
62	skip	backward	backward	forward
63	common_cause	none	backward	backward
63	common_effect	backward	backward	none
63	separate	none	none	none
63	pair	forward	none	none
63	skip	forward	forward	forward
63	line	backward	forward	none
64	line	forward	backward	none
64	separate	none	none	none
64	common_cause	none	backward	backward
64	pair	forward	none	none
64	skip	backward	backward	backward
64	common_effect	forward	none	backward
65	separate	none	none	none
65	pair	none	none	forward
65	line	forward	backward	none
65	common_effect	forward	none	backward
65	common_cause	forward	forward	none
65	skip	forward	forward	forward
66	skip	backward	backward	backward
66	common_cause	forward	forward	none
66	common_effect	forward	none	backward
66	line	none	backward	forward
66	pair	none	none	forward
66	separate	none	none	none
67	skip	forward	forward	forward
67	line	forward	backward	none
67	common_cause	backward	none	forward
67	pair	backward	none	none
67	separate	none	none	none
67	common_effect	backward	backward	none
68	line	backward	forward	none
68	pair	none	backward	none
68	skip	backward	backward	forward
68	separate	none	none	none
68	common_cause	backward	none	forward
68	common_effect	backward	backward	none
69	line	backward	forward	none
69	pair	none	none	backward
69	common_effect	none	forward	forward
69	skip	forward	forward	backward
69	common_cause	forward	forward	none
69	separate	none	none	none
70	skip	forward	forward	backward
70	separate	none	none	none
70	line	forward	none	forward
70	common_cause	none	backward	backward
70	common_effect	backward	backward	none
70	pair	forward	none	none
71	common_effect	backward	backward	none
71	separate	none	none	none
71	common_cause	backward	none	forward
71	pair	backward	none	none
71	skip	backward	backward	backward
71	line	none	backward	forward
72	common_effect	none	forward	forward
72	skip	forward	forward	forward
72	common_cause	forward	forward	none
72	pair	none	forward	none
72	separate	none	none	none
72	line	none	forward	backward
73	skip	forward	backward	backward
73	common_effect	forward	none	backward
73	separate	none	none	none
73	common_cause	backward	none	forward
73	pair	backward	none	none
73	line	backward	none	backward
74	common_effect	backward	backward	none
74	skip	forward	forward	backward
74	common_cause	forward	forward	none
74	line	none	forward	backward
74	pair	none	forward	none
74	separate	none	none	none
75	line	forward	none	forward
75	common_effect	forward	none	backward
75	separate	none	none	none
75	pair	none	none	forward
75	common_cause	backward	none	forward
75	skip	forward	backward	backward
76	separate	none	none	none
76	common_effect	none	forward	forward
76	line	backward	forward	none
76	skip	forward	forward	backward
76	common_cause	none	backward	backward
76	pair	none	backward	none
77	line	forward	backward	none
77	common_effect	forward	none	backward
77	skip	backward	forward	forward
77	separate	none	none	none
77	pair	none	forward	none
77	common_cause	forward	forward	none
78	pair	forward	none	none
78	common_effect	none	forward	forward
78	common_cause	forward	forward	none
78	separate	none	none	none
78	line	forward	backward	none
78	skip	forward	backward	backward
79	separate	none	none	none
79	pair	backward	none	none
79	line	forward	none	forward
79	common_effect	none	forward	forward
79	skip	backward	forward	forward
79	common_cause	backward	none	forward
80	skip	backward	backward	forward
80	line	forward	none	forward
80	separate	none	none	none
80	pair	forward	none	none
80	common_cause	backward	none	forward
80	common_effect	backward	backward	none
81	skip	backward	backward	backward
81	common_cause	backward	none	forward
81	common_effect	backward	backward	none
81	pair	none	none	backward
81	separate	none	none	none
81	line	backward	forward	none
82	pair	none	none	backward
82	line	forward	none	forward
82	common_cause	backward	none	forward
82	skip	backward	backward	forward
82	common_effect	forward	none	backward
82	separate	none	none	none
83	line	forward	none	forward
83	common_cause	none	backward	backward
83	pair	none	forward	none
83	skip	backward	backward	forward
83	common_effect	forward	none	backward
83	separate	none	none	none
84	common_cause	none	backward	backward
84	line	forward	none	forward
84	separate	none	none	none
84	common_effect	backward	backward	none
84	skip	forward	backward	backward
84	pair	none	none	backward
85	common_effect	backward	backward	none
85	pair	none	backward	none
85	skip	forward	backward	backward
85	common_cause	forward	forward	none
85	separate	none	none	none
85	line	forward	none	forward
86	common_effect	backward	backward	none
86	separate	none	none	none
86	skip	forward	backward	backward
86	line	none	backward	forward
86	pair	none	forward	none
86	common_cause	backward	none	forward
87	separate	none	none	none
87	line	none	backward	forward
87	common_cause	none	backward	backward
87	skip	forward	forward	backward
87	common_effect	none	forward	forward
87	pair	forward	none	none
88	skip	forward	forward	backward
88	separate	none	none	none
88	common_cause	backward	none	forward
88	common_effect	backward	backward	none
88	pair	forward	none	none
88	line	none	backward	forward
89	line	forward	none	forward
89	common_effect	none	forward	forward
89	skip	backward	forward	forward
89	common_cause	forward	forward	none
89	pair	forward	none	none
89	separate	none	none	none
90	common_cause	backward	none	forward
90	pair	backward	none	none
90	skip	forward	backward	backward
90	line	backward	forward	none
90	common_effect	backward	backward	none
90	separate	none	none	none
91	pair	none	forward	none
91	common_cause	forward	forward	none
91	separate	none	none	none
91	skip	forward	forward	forward
91	line	none	forward	backward
91	common_effect	none	forward	forward
92	separate	none	none	none
92	common_effect	backward	backward	none
92	pair	none	none	forward
92	skip	forward	forward	backward
92	common_cause	none	backward	backward
92	line	forward	backward	none
93	pair	none	none	backward
93	common_cause	forward	forward	none
93	skip	forward	backward	backward
93	line	none	forward	backward
93	separate	none	none	none
93	common_effect	backward	backward	none
94	common_cause	none	backward	backward
94	pair	forward	none	none
94	common_effect	none	forward	forward
94	skip	backward	backward	backward
94	line	forward	backward	none
94	separate	none	none	none
95	line	backward	forward	none
95	common_effect	backward	backward	none
95	separate	none	none	none
95	pair	forward	none	none
95	skip	backward	backward	backward
95	common_cause	none	backward	backward
96	separate	none	none	none
96	skip	forward	forward	forward
96	common_effect	forward	none	backward
96	common_cause	forward	forward	none
96	line	none	forward	backward
96	pair	none	forward	none
97	line	none	backward	forward
97	separate	none	none	none
97	pair	none	backward	none
97	skip	forward	forward	forward
97	common_cause	forward	forward	none
97	common_effect	none	forward	forward
98	pair	backward	none	none
98	separate	none	none	none
98	common_cause	forward	forward	none
98	line	none	backward	forward
98	skip	forward	forward	forward
98	common_effect	none	forward	forward
99	common_cause	backward	none	forward
99	skip	backward	forward	forward
99	pair	none	forward	none
99	common_effect	forward	none	backward
99	line	forward	backward	none
99	separate	none	none	none
100	skip	forward	forward	forward
100	separate	none	none	none
100	common_effect	forward	none	backward
100	line	none	backward	forward
100	common_cause	backward	none	forward
100	pair	none	forward	none
101	pair	backward	none	none
101	skip	forward	forward	forward
101	separate	none	none	none
101	common_effect	forward	none	backward
101	line	forward	backward	none
101	common_cause	forward	forward	none
102	pair	none	backward	none
102	line	none	forward	backward
102	separate	none	none	none
102	common_effect	backward	backward	none
102	skip	forward	backward	backward
102	common_cause	backward	none	forward
103	line	none	backward	forward
103	skip	backward	forward	forward
103	common_cause	forward	forward	none
103	pair	none	none	forward
103	separate	none	none	none
103	common_effect	none	forward	forward
104	pair	none	none	backward
104	common_cause	none	backward	backward
104	separate	none	none	none
104	common_effect	forward	none	backward
104	line	none	backward	forward
104	skip	forward	backward	backward
105	common_effect	none	forward	forward
105	common_cause	forward	forward	none
105	separate	none	none	none
105	skip	backward	forward	forward
105	line	backward	forward	none
105	pair	none	forward	none
106	skip	forward	forward	forward
106	pair	none	backward	none
106	common_cause	none	backward	backward
106	common_effect	forward	none	backward
106	line	none	backward	forward
106	separate	none	none	none
107	pair	none	none	forward
107	line	forward	none	forward
107	skip	backward	forward	forward
107	common_cause	backward	none	forward
107	common_effect	none	forward	forward
107	separate	none	none	none
108	common_cause	backward	none	forward
108	skip	forward	backward	backward
108	common_effect	backward	backward	none
108	separate	none	none	none
108	pair	none	backward	none
108	line	none	backward	forward
109	skip	backward	backward	backward
109	common_effect	forward	none	backward
109	line	backward	none	backward
109	pair	none	none	forward
109	common_cause	none	backward	backward
109	separate	none	none	none
110	common_effect	none	forward	forward
110	skip	backward	backward	backward
110	separate	none	none	none
110	pair	none	none	backward
110	line	forward	backward	none
110	common_cause	forward	forward	none
111	line	backward	none	backward
111	skip	forward	backward	backward
111	common_cause	forward	forward	none
111	pair	backward	none	none
111	common_effect	backward	backward	none
111	separate	none	none	none
112	line	backward	none	backward
112	pair	forward	none	none
112	common_cause	none	backward	backward
112	separate	none	none	none
112	common_effect	backward	backward	none
112	skip	forward	forward	backward
113	skip	backward	backward	backward
113	common_cause	forward	forward	none
113	line	backward	none	backward
113	common_effect	none	forward	forward
113	pair	none	backward	none
113	separate	none	none	none
114	separate	none	none	none
114	skip	forward	backward	backward
114	common_effect	backward	backward	none
114	pair	forward	none	none
114	common_cause	none	backward	backward
114	line	none	forward	backward
115	skip	backward	backward	forward
115	common_effect	forward	none	backward
115	separate	none	none	none
115	common_cause	backward	none	forward
115	pair	none	none	forward
115	line	forward	backward	none
116	common_effect	backward	backward	none
116	separate	none	none	none
116	skip	forward	forward	backward
116	pair	none	forward	none
116	common_cause	backward	none	forward
116	line	forward	none	forward
117	skip	forward	forward	backward
117	separate	none	none	none
117	common_cause	backward	none	forward
117	line	none	forward	backward
117	pair	backward	none	none
117	common_effect	none	forward	forward
118	separate	none	none	none
118	skip	forward	backward	backward
118	pair	none	forward	none
118	common_effect	forward	none	backward
118	common_cause	forward	forward	none
118	line	forward	backward	none
119	line	forward	backward	none
119	pair	none	backward	none
119	skip	backward	backward	forward
119	common_cause	none	backward	backward
119	common_effect	none	forward	forward
119	separate	none	none	none
120	common_effect	none	forward	forward
120	common_cause	forward	forward	none
120	separate	none	none	none
120	skip	backward	backward	forward
120	pair	none	none	forward
120	line	none	backward	forward
121	separate	none	none	none
121	common_effect	none	forward	forward
121	pair	forward	none	none
121	skip	backward	backward	backward
121	line	forward	none	forward
121	common_cause	forward	forward	none
122	pair	forward	none	none
122	skip	forward	forward	backward
122	separate	none	none	none
122	line	backward	forward	none
122	common_cause	backward	none	forward
122	common_effect	forward	none	backward
123	pair	none	backward	none
123	skip	backward	backward	backward
123	common_effect	forward	none	backward
123	separate	none	none	none
123	line	none	backward	forward
123	common_cause	backward	none	forward
124	common_cause	none	backward	backward
124	pair	none	backward	none
124	skip	forward	backward	backward
124	common_effect	backward	backward	none
124	separate	none	none	none
124	line	none	backward	forward
125	common_effect	backward	backward	none
125	pair	none	backward	none
125	common_cause	backward	none	forward
125	separate	none	none	none
125	skip	backward	backward	forward
125	line	none	backward	forward
126	common_effect	none	forward	forward
126	common_cause	none	backward	backward
126	line	forward	backward	none
126	separate	none	none	none
126	pair	backward	none	none
126	skip	forward	forward	backward
127	common_cause	backward	none	forward
127	skip	backward	backward	backward
127	separate	none	none	none
127	line	backward	none	backward
127	common_effect	forward	none	backward
127	pair	none	none	forward
128	common_effect	forward	none	backward
128	common_cause	forward	forward	none
128	pair	none	none	forward
128	line	backward	none	backward
128	skip	forward	forward	forward
128	separate	none	none	none
129	pair	backward	none	none
129	separate	none	none	none
129	common_cause	forward	forward	none
129	common_effect	forward	none	backward
129	skip	backward	backward	forward
129	line	forward	none	forward
130	skip	forward	forward	backward
130	common_cause	none	backward	backward
130	separate	none	none	none
130	line	forward	none	forward
130	common_effect	backward	backward	none
130	pair	none	none	forward
131	common_effect	forward	none	backward
131	pair	backward	none	none
131	separate	none	none	none
131	common_cause	backward	none	forward
131	line	backward	forward	none
131	skip	backward	backward	forward
132	common_cause	forward	forward	none
132	common_effect	forward	none	backward
132	separate	none	none	none
132	skip	backward	backward	backward
132	line	forward	none	forward
132	pair	none	none	backward
133	pair	forward	none	none
133	separate	none	none	none
133	skip	backward	forward	forward
133	line	backward	forward	none
133	common_cause	forward	forward	none
133	common_effect	backward	backward	none
134	common_effect	backward	backward	none
134	skip	backward	forward	forward
134	common_cause	none	backward	backward
134	separate	none	none	none
134	pair	none	forward	none
134	line	forward	none	forward
135	line	forward	none	forward
135	skip	backward	backward	backward
135	separate	none	none	none
135	pair	none	backward	none
135	common_effect	forward	none	backward
135	common_cause	backward	none	forward
136	skip	backward	backward	forward
136	common_cause	forward	forward	none
136	common_effect	backward	backward	none
136	line	backward	none	backward
136	separate	none	none	none
136	pair	none	none	forward
137	pair	none	none	forward
137	separate	none	none	none
137	common_effect	forward	none	backward
137	skip	forward	forward	forward
137	line	forward	none	forward
137	common_cause	forward	forward	none
138	separate	none	none	none
138	common_effect	forward	none	backward
138	skip	forward	forward	backward
138	pair	none	none	forward
138	common_cause	backward	none	forward
138	line	forward	none	forward
139	line	none	backward	forward
139	common_cause	forward	forward	none
139	skip	backward	forward	forward
139	common_effect	forward	none	backward
139	pair	none	none	forward
139	separate	none	none	none
140	common_cause	none	backward	backward
140	separate	none	none	none
140	line	backward	none	backward
140	common_effect	none	forward	forward
140	pair	none	none	forward
140	skip	backward	backward	backward
141	common_effect	none	forward	forward
141	common_cause	none	backward	backward
141	skip	backward	backward	forward
141	line	backward	forward	none
141	separate	none	none	none
141	pair	none	none	forward
142	pair	backward	none	none
142	common_effect	forward	none	backward
142	line	backward	forward	none
142	skip	backward	forward	forward
142	separate	none	none	none
142	common_cause	forward	forward	none
143	common_effect	forward	none	backward
143	common_cause	forward	forward	none
143	skip	forward	forward	forward
143	pair	forward	none	none
143	separate	none	none	none
143	line	backward	forward	none
144	pair	none	none	forward
144	line	forward	none	forward
144	skip	forward	backward	backward
144	common_effect	backward	backward	none
144	common_cause	forward	forward	none
144	separate	none	none	none
145	skip	forward	forward	backward
145	common_effect	forward	none	backward
145	separate	none	none	none
145	line	backward	none	backward
145	common_cause	backward	none	forward
145	pair	none	none	backward
146	line	forward	backward	none
146	skip	backward	backward	forward
146	separate	none	none	none
146	common_cause	none	backward	backward
146	common_effect	backward	backward	none
146	pair	forward	none	none
147	common_cause	backward	none	forward
147	common_effect	forward	none	backward
147	skip	backward	backward	backward
147	pair	none	none	backward
147	separate	none	none	none
147	line	none	backward	forward
148	line	none	forward	backward
148	common_effect	none	forward	forward
148	common_cause	forward	forward	none
148	skip	backward	backward	forward
148	pair	none	backward	none
148	separate	none	none	none
149	line	backward	forward	none
149	separate	none	none	none
149	common_effect	backward	backward	none
149	pair	forward	none	none
149	common_cause	none	backward	backward
149	skip	forward	forward	backward
150	common_cause	forward	forward	none
150	common_effect	forward	none	backward
150	pair	none	none	backward
150	skip	forward	backward	backward
150	separate	none	none	none
150	line	none	backward	forward
151	line	backward	forward	none
151	pair	backward	none	none
151	skip	forward	backward	backward
151	common_cause	forward	forward	none
151	common_effect	forward	none	backward
151	separate	none	none	none
152	common_cause	backward	none	forward
152	common_effect	forward	none	backward
152	pair	none	none	forward
152	skip	forward	forward	forward
152	line	backward	forward	none
152	separate	none	none	none
153	pair	none	forward	none
153	line	none	backward	forward
153	separate	none	none	none
153	common_cause	forward	forward	none
153	common_effect	none	forward	forward
153	skip	forward	forward	backward
154	line	none	backward	forward
154	skip	backward	forward	forward
154	common_effect	none	forward	forward
154	separate	none	none	none
154	pair	none	none	backward
154	common_cause	backward	none	forward
155	skip	backward	backward	forward
155	pair	none	backward	none
155	separate	none	none	none
155	line	backward	forward	none
155	common_effect	forward	none	backward
155	common_cause	forward	forward	none
156	common_effect	none	forward	forward
156	skip	backward	backward	backward
156	common_cause	none	backward	backward
156	line	backward	forward	none
156	separate	none	none	none
156	pair	forward	none	none
157	skip	backward	backward	forward
157	separate	none	none	none
157	common_cause	forward	forward	none
157	pair	none	none	forward
157	common_effect	none	forward	forward
157	line	backward	forward	none
158	separate	none	none	none
158	common_cause	backward	none	forward
158	skip	backward	backward	forward
158	line	forward	none	forward
158	common_effect	none	forward	forward
158	pair	backward	none	none
159	pair	forward	none	none
159	separate	none	none	none
159	line	backward	none	backward
159	common_cause	none	backward	backward
159	skip	forward	forward	backward
159	common_effect	backward	backward	none
160	common_cause	forward	forward	none
160	separate	none	none	none
160	pair	forward	none	none
160	skip	backward	backward	forward
160	common_effect	backward	backward	none
160	line	forward	backward	none
161	pair	none	none	forward
161	separate	none	none	none
161	skip	forward	backward	backward
161	common_cause	backward	none	forward
161	line	backward	forward	none
161	common_effect	none	forward	forward
162	common_cause	none	backward	backward
162	skip	forward	forward	backward
162	line	none	forward	backward
162	pair	forward	none	none
162	common_effect	none	forward	forward
162	separate	none	none	none
163	pair	none	backward	none
163	separate	none	none	none
163	skip	forward	backward	backward
163	line	forward	none	forward
163	common_cause	forward	forward	none
163	common_effect	forward	none	backward
164	common_cause	backward	none	forward
164	pair	none	none	forward
164	skip	forward	forward	forward
164	separate	none	none	none
164	line	backward	forward	none
164	common_effect	forward	none	backward
165	pair	none	none	forward
165	line	backward	forward	none
165	separate	none	none	none
165	common_cause	forward	forward	none
165	common_effect	backward	backward	none
165	skip	forward	backward	backward
166	common_effect	forward	none	backward
166	separate	none	none	none
166	common_cause	none	backward	backward
166	pair	none	backward	none
166	skip	backward	backward	forward
166	line	none	backward	forward
167	pair	backward	none	none
167	common_effect	none	forward	forward
167	skip	backward	backward	backward
167	separate	none	none	none
167	line	none	backward	forward
167	common_cause	forward	forward	none
168	pair	none	none	forward
168	common_effect	none	forward	forward
168	common_cause	backward	none	forward
168	separate	none	none	none
168	line	forward	backward	none
168	skip	backward	forward	forward
169	common_cause	none	backward	backward
169	skip	forward	backward	backward
169	pair	none	none	backward
169	line	forward	none	forward
169	separate	none	none	none
169	common_effect	none	forward	forward
170	common_effect	none	forward	forward
170	line	forward	backward	none
170	skip	backward	backward	forward
170	separate	none	none	none
170	pair	none	forward	none
170	common_cause	forward	forward	none
171	common_cause	none	backward	backward
171	pair	none	backward	none
171	common_effect	forward	none	backward
171	skip	backward	backward	forward
171	line	backward	forward	none
171	separate	none	none	none
172	common_cause	backward	none	forward
172	skip	forward	forward	forward
172	pair	none	forward	none
172	common_effect	none	forward	forward
172	separate	none	none	none
172	line	none	forward	backward
173	common_cause	none	backward	backward
173	common_effect	backward	backward	none
173	skip	forward	forward	backward
173	separate	none	none	none
173	line	forward	none	forward
173	pair	none	none	forward
174	separate	none	none	none
174	common_effect	backward	backward	none
174	pair	none	backward	none
174	common_cause	none	backward	backward
174	skip	forward	backward	backward
174	line	none	forward	backward
175	common_effect	forward	none	backward
175	separate	none	none	none
175	pair	forward	none	none
175	skip	forward	backward	backward
175	line	none	forward	backward
175	common_cause	forward	forward	none
176	common_effect	forward	none	backward
176	line	backward	forward	none
176	separate	none	none	none
176	common_cause	none	backward	backward
176	pair	none	none	forward
176	skip	backward	forward	forward
177	separate	none	none	none
177	pair	forward	none	none
177	common_cause	backward	none	forward
177	line	forward	backward	none
177	common_effect	backward	backward	none
177	skip	backward	backward	backward
178	line	forward	none	forward
178	common_effect	backward	backward	none
178	pair	none	none	forward
178	separate	none	none	none
178	skip	backward	forward	forward
178	common_cause	forward	forward	none
179	skip	forward	backward	backward
179	line	backward	none	backward
179	common_effect	backward	backward	none
179	pair	none	forward	none
179	common_cause	backward	none	forward
179	separate	none	none	none
180	line	backward	forward	none
180	separate	none	none	none
180	common_effect	forward	none	backward
180	pair	none	forward	none
180	common_cause	forward	forward	none
180	skip	forward	backward	backward
181	separate	none	none	none
181	skip	backward	backward	backward
181	pair	none	backward	none
181	common_cause	none	backward	backward
181	common_effect	backward	backward	none
181	line	none	backward	forward
182	common_cause	none	backward	backward
182	pair	none	none	forward
182	line	none	forward	backward
182	skip	backward	backward	backward
182	common_effect	none	forward	forward
182	separate	none	none	none
183	common_effect	forward	none	backward
183	pair	backward	none	none
183	separate	none	none	none
183	line	backward	none	backward
183	common_cause	none	backward	backward
183	skip	forward	backward	backward
184	separate	none	none	none
184	line	forward	backward	none
184	common_effect	forward	none	backward
184	pair	none	forward	none
184	skip	backward	backward	backward
184	common_cause	backward	none	forward
185	line	none	forward	backward
185	separate	none	none	none
185	skip	backward	backward	backward
185	common_cause	none	backward	backward
185	pair	none	forward	none
185	common_effect	backward	backward	none
186	skip	forward	backward	backward
186	separate	none	none	none
186	common_cause	backward	none	forward
186	line	backward	none	backward
186	common_effect	forward	none	backward
186	pair	none	forward	none
187	common_cause	forward	forward	none
187	common_effect	forward	none	backward
187	skip	backward	forward	forward
187	line	forward	none	forward
187	separate	none	none	none
187	pair	none	none	backward
188	line	forward	none	forward
188	common_effect	forward	none	backward
188	pair	backward	none	none
188	common_cause	backward	none	forward
188	separate	none	none	none
188	skip	forward	forward	backward
189	skip	forward	backward	backward
189	common_cause	forward	forward	none
189	common_effect	forward	none	backward
189	pair	none	none	forward
189	line	forward	backward	none
189	separate	none	none	none
190	skip	backward	backward	forward
190	common_effect	none	forward	forward
190	separate	none	none	none
190	common_cause	forward	forward	none
190	pair	forward	none	none
190	line	backward	none	backward
191	common_cause	none	backward	backward
191	pair	forward	none	none
191	common_effect	none	forward	forward
191	line	forward	backward	none
191	separate	none	none	none
191	skip	backward	backward	backward
192	skip	backward	backward	forward
192	line	forward	backward	none
192	pair	none	none	forward
192	common_effect	forward	none	backward
192	separate	none	none	none
192	common_cause	backward	none	forward
193	pair	none	none	backward
193	common_cause	none	backward	backward
193	separate	none	none	none
193	common_effect	backward	backward	none
193	line	none	forward	backward
193	skip	forward	forward	forward
194	common_effect	forward	none	backward
194	skip	backward	backward	backward
194	line	none	backward	forward
194	separate	none	none	none
194	pair	none	none	forward
194	common_cause	forward	forward	none
195	line	forward	backward	none
195	common_effect	forward	none	backward
195	common_cause	none	backward	backward
195	skip	forward	forward	backward
195	pair	none	none	forward
195	separate	none	none	none
196	pair	none	backward	none
196	line	forward	backward	none
196	skip	forward	forward	backward
196	common_cause	backward	none	forward
196	common_effect	forward	none	backward
196	separate	none	none	none
197	separate	none	none	none
197	common_cause	forward	forward	none
197	line	none	forward	backward
197	pair	none	none	backward
197	skip	backward	backward	forward
197	common_effect	forward	none	backward
198	separate	none	none	none
198	line	none	forward	backward
198	common_effect	none	forward	forward
198	skip	backward	backward	forward
198	common_cause	forward	forward	none
198	pair	none	backward	none
199	common_effect	none	forward	forward
199	pair	none	none	backward
199	separate	none	none	none
199	common_cause	backward	none	forward
199	skip	backward	backward	forward
199	line	forward	none	forward
200	separate	none	none	none
200	line	backward	none	backward
200	skip	forward	forward	forward
200	common_effect	backward	backward	none
200	pair	none	none	backward
200	common_cause	forward	forward	none
201	common_cause	forward	forward	none
201	pair	none	none	backward
201	common_effect	backward	backward	none
201	skip	backward	forward	forward
201	line	none	forward	backward
201	separate	none	none	none
202	separate	none	none	none
202	line	forward	none	forward
202	skip	forward	forward	backward
202	common_effect	none	forward	forward
202	pair	none	forward	none
202	common_cause	backward	none	forward
203	common_effect	backward	backward	none
203	separate	none	none	none
203	pair	forward	none	none
203	line	forward	none	forward
203	common_cause	none	backward	backward
203	skip	forward	forward	backward
204	common_cause	backward	none	forward
204	common_effect	backward	backward	none
204	pair	none	none	backward
204	skip	forward	backward	backward
204	separate	none	none	none
204	line	forward	none	forward
205	common_effect	backward	backward	none
205	common_cause	forward	forward	none
205	line	backward	none	backward
205	separate	none	none	none
205	pair	none	backward	none
205	skip	backward	forward	forward
206	common_cause	backward	none	forward
206	line	backward	forward	none
206	separate	none	none	none
206	skip	forward	forward	forward
206	common_effect	forward	none	backward
206	pair	none	backward	none
207	separate	none	none	none
207	pair	none	backward	none
207	common_cause	backward	none	forward
207	line	backward	none	backward
207	skip	forward	forward	backward
207	common_effect	forward	none	backward
208	common_cause	backward	none	forward
208	common_effect	backward	backward	none
208	skip	backward	backward	backward
208	pair	none	none	backward
208	separate	none	none	none
208	line	none	backward	forward
209	skip	backward	backward	backward
209	common_effect	forward	none	backward
209	common_cause	none	backward	backward
209	pair	none	none	forward
209	line	backward	forward	none
209	separate	none	none	none
210	separate	none	none	none
210	pair	none	none	forward
210	common_effect	backward	backward	none
210	skip	backward	forward	forward
210	common_cause	backward	none	forward
210	line	none	forward	backward
211	pair	none	none	forward
211	common_effect	forward	none	backward
211	common_cause	backward	none	forward
211	skip	forward	forward	backward
211	separate	none	none	none
211	line	none	backward	forward
212	pair	none	backward	none
212	common_cause	none	backward	backward
212	separate	none	none	none
212	common_effect	backward	backward	none
212	line	none	forward	backward
212	skip	backward	forward	forward
213	common_cause	none	backward	backward
213	separate	none	none	none
213	line	none	forward	backward
213	common_effect	forward	none	backward
213	pair	none	backward	none
213	skip	backward	forward	forward
214	line	backward	none	backward
214	separate	none	none	none
214	skip	backward	backward	forward
214	pair	none	backward	none
214	common_cause	backward	none	forward
214	common_effect	forward	none	backward
215	line	backward	none	backward
215	pair	none	none	backward
215	common_effect	none	forward	forward
215	skip	backward	forward	forward
215	common_cause	backward	none	forward
215	separate	none	none	none
216	line	forward	none	forward
216	separate	none	none	none
216	pair	backward	none	none
216	common_cause	backward	none	forward
216	skip	forward	forward	forward
216	common_effect	forward	none	backward
217	common_effect	backward	backward	none
217	separate	none	none	none
217	line	forward	none	forward
217	pair	backward	none	none
217	skip	forward	forward	backward
217	common_cause	forward	forward	none
218	common_effect	none	forward	forward
218	separate	none	none	none
218	skip	backward	forward	forward
218	common_cause	none	backward	backward
218	pair	none	none	backward
218	line	none	forward	backward
219	common_effect	backward	backward	none
219	common_cause	none	backward	backward
219	line	backward	forward	none
219	skip	backward	forward	forward
219	separate	none	none	none
219	pair	backward	none	none
220	separate	none	none	none
220	pair	backward	none	none
220	common_effect	none	forward	forward
220	skip	backward	backward	forward
220	line	backward	none	backward
220	common_cause	none	backward	backward
221	separate	none	none	none
221	skip	forward	forward	forward
221	pair	none	backward	none
221	common_cause	forward	forward	none
221	common_effect	forward	none	backward
221	line	none	forward	backward
222	separate	none	none	none
222	line	forward	backward	none
222	common_effect	forward	none	backward
222	skip	backward	forward	forward
222	common_cause	forward	forward	none
222	pair	none	none	forward
223	line	backward	none	backward
223	common_effect	none	forward	forward
223	common_cause	backward	none	forward
223	skip	forward	forward	backward
223	separate	none	none	none
223	pair	none	backward	none
224	skip	backward	forward	forward
224	line	none	backward	forward
224	common_cause	none	backward	backward
224	separate	none	none	none
224	pair	none	none	backward
224	common_effect	none	forward	forward
225	pair	none	forward	none
225	skip	forward	forward	forward
225	separate	none	none	none
225	line	none	backward	forward
225	common_cause	none	backward	backward
225	common_effect	forward	none	backward
226	common_effect	backward	backward	none
226	skip	backward	forward	forward
226	line	backward	forward	none
226	pair	backward	none	none
226	separate	none	none	none
226	common_cause	forward	forward	none
227	separate	none	none	none
227	line	backward	none	backward
227	common_effect	forward	none	backward
227	pair	none	backward	none
227	skip	backward	forward	forward
227	common_cause	none	backward	backward
228	common_cause	forward	forward	none
228	common_effect	backward	backward	none
228	separate	none	none	none
228	pair	none	none	backward
228	skip	backward	backward	forward
228	line	forward	backward	none
229	skip	backward	backward	forward
229	common_cause	none	backward	backward
229	common_effect	none	forward	forward
229	pair	none	none	forward
229	separate	none	none	none
229	line	none	forward	backward
230	separate	none	none	none
230	pair	forward	none	none
230	line	backward	none	backward
230	skip	forward	forward	forward
230	common_effect	forward	none	backward
230	common_cause	forward	forward	none
231	common_cause	forward	forward	none
231	skip	forward	backward	backward
231	line	backward	none	backward
231	common_effect	forward	none	backward
231	separate	none	none	none
231	pair	none	none	backward
232	skip	forward	forward	forward
232	line	forward	none	forward
232	pair	backward	none	none
232	common_cause	forward	forward	none
232	separate	none	none	none
232	common_effect	forward	none	backward
233	line	none	backward	forward
233	common_cause	backward	none	forward
233	pair	forward	none	none
233	separate	none	none	none
233	skip	backward	forward	forward
233	common_effect	forward	none	backward
234	separate	none	none	none
234	common_cause	forward	forward	none
234	common_effect	none	forward	forward
234	skip	forward	backward	backward
234	line	backward	forward	none
234	pair	none	backward	none
235	separate	none	none	none
235	pair	none	none	forward
235	line	forward	backward	none
235	common_cause	backward	none	forward
235	skip	forward	forward	forward
235	common_effect	forward	none	backward
236	common_effect	none	forward	forward
236	common_cause	none	backward	backward
236	skip	backward	backward	forward
236	pair	none	forward	none
236	separate	none	none	none
236	line	forward	backward	none
237	separate	none	none	none
237	common_cause	forward	forward	none
237	pair	backward	none	none
237	common_effect	forward	none	backward
237	line	backward	forward	none
237	skip	backward	backward	forward
238	pair	none	none	backward
238	line	backward	forward	none
238	common_effect	forward	none	backward
238	common_cause	none	backward	backward
238	separate	none	none	none
238	skip	forward	forward	backward
239	common_cause	forward	forward	none
239	pair	none	none	backward
239	skip	forward	backward	backward
239	separate	none	none	none
239	common_effect	forward	none	backward
239	line	backward	forward	none
240	separate	none	none	none
240	common_effect	forward	none	backward
240	common_cause	backward	none	forward
240	skip	backward	backward	forward
240	pair	backward	none	none
240	line	none	backward	forward
241	separate	none	none	none
241	common_cause	backward	none	forward
241	common_effect	forward	none	backward
241	line	forward	backward	none
241	skip	backward	backward	backward
241	pair	forward	none	none
242	skip	backward	backward	forward
242	line	forward	none	forward
242	common_cause	none	backward	backward
242	separate	none	none	none
242	common_effect	none	forward	forward
242	pair	none	backward	none
243	pair	backward	none	none
243	line	backward	forward	none
243	common_effect	backward	backward	none
243	common_cause	none	backward	backward
243	skip	backward	backward	backward
243	separate	none	none	none
244	common_cause	none	backward	backward
244	separate	none	none	none
244	pair	none	backward	none
244	line	none	forward	backward
244	skip	backward	forward	forward
244	common_effect	forward	none	backward
245	separate	none	none	none
245	common_cause	backward	none	forward
245	line	backward	none	backward
245	skip	backward	backward	backward
245	common_effect	backward	backward	none
245	pair	none	forward	none
246	common_cause	none	backward	backward
246	separate	none	none	none
246	line	none	backward	forward
246	skip	backward	backward	forward
246	common_effect	none	forward	forward
246	pair	forward	none	none
247	common_effect	none	forward	forward
247	skip	forward	forward	backward
247	line	forward	backward	none
247	separate	none	none	none
247	pair	forward	none	none
247	common_cause	backward	none	forward
248	separate	none	none	none
248	common_effect	backward	backward	none
248	skip	forward	backward	backward
248	line	none	backward	forward
248	common_cause	backward	none	forward
248	pair	backward	none	none
249	separate	none	none	none
249	pair	backward	none	none
249	common_cause	forward	forward	none
249	skip	forward	forward	backward
249	line	forward	backward	none
249	common_effect	backward	backward	none
250	line	backward	forward	none
250	separate	none	none	none
250	pair	none	none	backward
250	common_effect	forward	none	backward
250	skip	forward	backward	backward
250	common_cause	backward	none	forward
251	line	backward	forward	none
251	common_effect	none	forward	forward
251	skip	forward	backward	backward
251	pair	none	forward	none
251	separate	none	none	none
251	common_cause	backward	none	forward
252	pair	none	backward	none
252	line	none	backward	forward
252	separate	none	none	none
252	common_effect	backward	backward	none
252	skip	forward	backward	backward
252	common_cause	forward	forward	none
253	common_effect	backward	backward	none
253	skip	backward	backward	backward
253	pair	none	backward	none
253	separate	none	none	none
253	common_cause	backward	none	forward
253	line	none	forward	backward
254	pair	none	forward	none
254	common_cause	none	backward	backward
254	separate	none	none	none
254	skip	backward	forward	forward
254	common_effect	forward	none	backward
254	line	none	backward	forward
255	skip	backward	forward	forward
255	pair	none	forward	none
255	common_effect	none	forward	forward
255	separate	none	none	none
255	line	backward	forward	none
255	common_cause	backward	none	forward
256	separate	none	none	none
256	common_effect	none	forward	forward
256	common_cause	forward	forward	none
256	pair	none	backward	none
256	skip	backward	backward	backward
256	line	forward	backward	none
257	pair	none	none	forward
257	separate	none	none	none
257	line	forward	backward	none
257	skip	backward	forward	forward
257	common_cause	forward	forward	none
257	common_effect	forward	none	backward
258	common_effect	none	forward	forward
258	separate	none	none	none
258	pair	none	none	forward
258	skip	forward	backward	backward
258	common_cause	backward	none	forward
258	line	backward	forward	none
259	pair	none	none	backward
259	line	backward	none	backward
259	common_cause	backward	none	forward
259	skip	backward	forward	forward
259	common_effect	none	forward	forward
259	separate	none	none	none
260	separate	none	none	none
260	common_cause	backward	none	forward
260	skip	backward	backward	forward
260	line	forward	none	forward
260	pair	none	backward	none
260	common_effect	backward	backward	none
261	common_effect	backward	backward	none
261	separate	none	none	none
261	pair	none	forward	none
261	common_cause	backward	none	forward
261	skip	backward	backward	forward
261	line	forward	none	forward
262	common_cause	backward	none	forward
262	line	none	forward	backward
262	common_effect	none	forward	forward
262	separate	none	none	none
262	pair	none	none	forward
262	skip	forward	backward	backward
263	common_cause	forward	forward	none
263	skip	backward	forward	forward
263	separate	none	none	none
263	line	backward	forward	none
263	pair	none	none	forward
263	common_effect	forward	none	backward
264	separate	none	none	none
264	skip	forward	forward	forward
264	common_cause	forward	forward	none
264	common_effect	forward	none	backward
264	pair	none	forward	none
264	line	forward	none	forward
265	skip	backward	forward	forward
265	common_cause	none	backward	backward
265	separate	none	none	none
265	line	backward	none	backward
265	pair	none	backward	none
265	common_effect	backward	backward	none
266	line	forward	backward	none
266	common_effect	backward	backward	none
266	common_cause	backward	none	forward
266	pair	none	none	backward
266	skip	forward	forward	backward
266	separate	none	none	none
267	pair	forward	none	none
267	line	backward	none	backward
267	common_cause	forward	forward	none
267	skip	backward	forward	forward
267	common_effect	forward	none	backward
267	separate	none	none	none
268	line	forward	backward	none
268	separate	none	none	none
268	common_cause	none	backward	backward
268	skip	forward	forward	forward
268	pair	none	none	forward
268	common_effect	backward	backward	none
269	common_effect	backward	backward	none
269	pair	none	forward	none
269	skip	forward	forward	forward
269	separate	none	none	none
269	common_cause	none	backward	backward
269	line	backward	forward	none
270	common_cause	forward	forward	none
270	separate	none	none	none
270	pair	backward	none	none
270	common_effect	backward	backward	none
270	line	none	forward	backward
270	skip	backward	forward	forward
271	separate	none	none	none
271	line	none	backward	forward
271	skip	forward	backward	backward
271	common_cause	none	backward	backward
271	common_effect	backward	backward	none
271	pair	none	none	backward
272	common_cause	backward	none	forward
272	line	forward	backward	none
272	separate	none	none	none
272	pair	backward	none	none
272	skip	forward	backward	backward
272	common_effect	forward	none	backward
273	common_cause	forward	forward	none
273	line	forward	none	forward
273	skip	backward	backward	forward
273	common_effect	none	forward	forward
273	separate	none	none	none
273	pair	none	none	backward
274	skip	forward	forward	backward
274	common_cause	forward	forward	none
274	line	none	forward	backward
274	pair	none	backward	none
274	separate	none	none	none
274	common_effect	forward	none	backward
275	common_effect	forward	none	backward
275	line	backward	none	backward
275	separate	none	none	none
275	pair	none	backward	none
275	common_cause	backward	none	forward
275	skip	backward	backward	backward
276	line	none	forward	backward
276	separate	none	none	none
276	pair	none	none	backward
276	common_cause	backward	none	forward
276	skip	forward	forward	forward
276	common_effect	none	forward	forward
277	separate	none	none	none
277	common_cause	backward	none	forward
277	skip	forward	forward	backward
277	common_effect	backward	backward	none
277	pair	none	none	forward
277	line	none	forward	backward
278	skip	forward	backward	backward
278	pair	forward	none	none
278	common_cause	backward	none	forward
278	line	forward	none	forward
278	separate	none	none	none
278	common_effect	none	forward	forward
279	common_cause	forward	forward	none
279	common_effect	none	forward	forward
279	separate	none	none	none
279	line	none	forward	backward
279	skip	forward	forward	backward
279	pair	none	none	forward
280	skip	forward	backward	backward
280	separate	none	none	none
280	common_effect	backward	backward	none
280	pair	forward	none	none
280	line	forward	backward	none
280	common_cause	forward	forward	none
281	common_cause	forward	forward	none
281	pair	forward	none	none
281	common_effect	none	forward	forward
281	skip	backward	backward	forward
281	separate	none	none	none
281	line	backward	none	backward
282	line	none	backward	forward
282	common_effect	none	forward	forward
282	separate	none	none	none
282	pair	backward	none	none
282	common_cause	forward	forward	none
282	skip	forward	backward	backward
